1991863969888583976
1991864444520157196
1991865048894243296
1991865351085465947
1991865560762823046
1991867956947796353
1991868828557726082
1991869616763683298
1991869734866780483
1991870185847029989
1991872786390823113
1991873212498723201
1991878375112310920
1991881599726629203
1991885745561178616
1991888534526140464
1991888588435595763
1991888733495566357
1991897614070223191
1991898275432304726
1991899143821017147
1991912016794005579
1991912576758972592
1991917653364252824
1991918891728241119
1991920558385344925
1991926730077180019
1991928063719014788
1991929432853135580
1991930334779252825
1991933315918774476
1991941324292207050
1991945142153171132
1991946566903767468
1991955210043105584
1992011803820269744
1992042716205621619
1992070603172667565
1992084451015508390
1992091185687445993
1992098267187089652
1992117872022430133
1992126857332802001
1992126960882131286
1992137434318950824
1992137843049898367
1992152605825364074
1992154184272257050
1992155426234998814
1992159488015814826
1992160383298383901
1992161456369058259
1992169177306792242
1992170559770124616
1992174272635347276
1992174596091412589
1992177724492783986
1992178525068042302
1992181556740583761
1992185369010278772
1992185652423573970
1992197335691198734
1992201980924645422
1992210890771632349
1992213202734559517
1992214052052115523
1992218468477784174
1992224399173234758
1992229872891302279
1992230854115074460
1992240673379254600
1992243380282368396
1992245862999982318
1992251421593637006
1992251650585874853
1992253402554814896
1992259523164467550
1992260385643319454
1992260968148263002
1992262805526086136
1992278517476925785
1992286395759522088
1992290314028028295
1992295885825515806
1992306978157478019
1992310475388747862
1992351810804494608
1992356025723457767
1992397359414902790
1992414245951320184
1992434301355655480
1992445354680172877
1992447872709845287
1992459926552105350
1992464768117150075
1992466978393747694
1992483197284983263
1992483473219871056
1992483669328465950
1992505164779986952
1992510201191411952
1992526289391993146
1992527881403260994
1992533477372096759
1992534887799148819
1992539248663416972
1992544419086811583
1992551026134782260
1992565511767433553
1992575150470971505
1992579641690010071
1992586472936067300
1992595687020867924
1992597943862575434
1992600720231846355
1992602640992338276
1992618502671553015
1992625297607512309
1992638876486357256
1992639916258562393
1992642577557078527
1992642670351859871
1992665487025799258
1992675044213043691
1992762677446525046
1992785182173298973
1992795810346766463
1992818429028630734
1992823613070959017
1992824536623153542
1992843871605174317
1992850213825093746
1992856351614418967
1992862291315073533
1992871267385430345
1992873057074196791
1992873351270772954
1992879970616852693
1992896083161423978
1992904862204383544
1992916621141426278
1992928047696417066
1992976013857276310
1993024653984698878
1993049201035399640
1993053213340451323
1993076615837106422
1993076644882358425
1993077044520141006
1993083012763058328
1993093740362449109
1993104327104512474
1993114109559423279
1993122815042895917
1993148009790705710
1993153740921356398
1993156406271524912
1993159842786332862
1993170444330074541
1993174742539612360
1993179036898701715
1993180469857599893
1993204397304951115
1993205645110026633
1993215770462240973
1993218930798706837
1993222084156084462
1993225448982298818
1993228471280058853
1993232861412180140
1993238687568822559
1993245532782027168
1993248662357426605
1993250684448481717
1993262937364979753
1993272110647529822
1993275978907582771
1993281269694697671
1993284806172721662
1993291359151616130
1993297670472081866
1993307309456728173
1993311266480488511
1993314685245170074
1993334192839835878
1993343646502928669
1993349913502269712
1993359881047568457
1993371999247474871
1993377775479349640
1993377935420789151
1993386506489131112
1993399266178466022
1993409919635407220
1993424278436335664
1993463957022023958
1993505849805832420
1993521347163832631
1993550902695739782
1993552421608734860
1993553509891887582
1993569828687221145
1993571851461963790
1993585818556940316
1993586207306006918
1993595374477713897
1993595424146702344
1993646505299939333
1993657612836167721
1993662152889286790
1993667529483702350
1993672315784265825
1993676857489973642
1993679978160869614
1993694043671613585
1993695998233698601
1993697717130838182
1993726509782307048
1993729020677222626
1993732354578194855
1993736811676397913
1993737161552851188
1993741014016679941
1993751577463804081
1993753223526797646
1993757175932727697
1993791797219426703
1993821185566773382
1993899606988771373
1993910796435268079
1993917473461006520
1993930042095636786
1993945086057460128
1993948616772473348
1993950505979015561
1993951256742908040
1993956541804794218
1993961148794933387
1993965325805580577
1993983526945821157
1993984888404627882
1993996891533746312
1994008997607952628
1994013986233176535
1994026751916429537
1994027108209971415
1994030489666044297
1994032505268355432
1994032803629985844
1994047902323224867
1994051186912055619
1994051820218708291
1994062735555088808
1994074771319840892
1994084222919954891
1994094928453095686
1994099530967732613
1994109367293993205
1994129550088040798
1994150854119788730
1994241748370129227
1994255853751288153
1994267778757345620
1994281396194426888
1994298280319308281
1994310010931716364
1994324484845690940
1994325790264119356
1994339058420498583
1994340469266944075
1994340592407732226
1994341549396939191
1994341821279863048
1994354041577411021
1994354253167841454
1994355812152819945
1994356945986195966
1994365414110044548
1994367847498489977
1994384647875383494
1994422311785504932
1994443694246658430
1994451346884382835
1994457708737540598
1994458576140865865
1994461903561560537
1994462883749793899
1994511617422496200
1994514446165881268
1994621194168143910
1994625166715097442
1994625520575607068
1994636629370433644
1994646210641056219
1994673443137274043
1994675820812697614
1994695064199860566
1994696871726534865
1994734580507595172
1994742610871697496
1994743668797051131
1994750304659587115
1994759642678005891
1994786886498267454
1994802771665547306
1994803000586666125
1994828919368028171
1994831893905510606
1994860087165211037
1994910661516955845
1994950060212445603
1994996525181850048
1995001503447175512
1995008292116971715
1995009886589952161
1995031779124867472
1995054916482777162
1995058060402758026
1995095902160367930
1995124301641507314
1995136605338951984
1995163888904765820
1995174232196857940
1995197026405855632
1995221430792024575
1995256336628470092
1995267751233921409
1995285893880721517
1995301557559242853
1995309834984378790
1995367643910668389
1995370889060270230
1995384760055587230
1995388294880727473
1995388555971948666
1995399097931759936
1995401998313934985
1995410733287281062
1995416446034190620
1995425846698618919
1995489140553781706
1995496497316757868
1995498215672520754
1995529626588983431
1995540384873607233
1995544067732914482
1995546704935113127
1995562984903770529
1995573396428784056
1995626745593205217
1995680885895823556
1995683209565426135
1995714344685064469
1995741396423291138
1995775527114973290
1995775899195572544
1995776642346586563
1995780391504949440
1995791073277329437
1995809343850078687
1995832402791252429
1995833713075110066
1995844917516554487
1995846583624343865
1995862185877405962
1995865415180816670
1995870571008074081
1995895260170649780
1995904533554495523
1995915590511591579
1995928869627723821
1995929420239175767
1995945957381603731
1996020446051942838
1996054501774741680
1996100767703585263
1996144495394767293
1996169952013775057
1996174116781703533
1996178323425394793
1996188360252305633
1996211218005307596
1996229648934375804
1996279371745862067
1996283249354539498
1996291108922626499
1996311413317390793
1996311580615528588
1996333807440687388
1996402373741416704
1996444222229242173
1996482358107594936
1996490060439453936
1996515827130994876
1996515868633678181
1996518622945022144
1996532561074360742
1996556007947047271
1996558004439974118
1996591934476054704
1996623890756583809
1996637874683629785
1996650978456883382
1996656869646258454
1996664407317741742
1996667742015852965
1996722812178886862
1996737800889422137
1996769068427116794
1996817603562819700
1996854590470238284
1996861226240856067
1996869065374130415
1996873049833197935
1996873413097603540
1996897882318811147
1997008016470585759
1997010492594807090
1997013233535013367
1997013455509876858
1997021599094993158
1997026116955984324
1997038715668136093
1997052003252605206
1997115909392179371
1997188641223762418
1997194121757237364
1997202311152623968
1997218052337721589
1997238386680103253
1997293144011079746
1997303430579392652
1997309646898700411
1997309856395485215
1997334915285713311
1997365138651775118
1997388143641886792
1997395935911895204
1997401931027980634
1997549690662142028
1997570214125273105
1997573064133890531
1997588406268760515
1997598162114990256
1997625319352590808
1997654711776723340
1997677795871244718
1997690145030783334
1997691568376172948
1997700192313712872
1997746239971250206
1997751556830056771
1997756909940781188
1997757150131798463
1997759022988955823
1997801446470021167
1997903225245106267
1997906875384221710
1997912978440790282
1997933002240721124
1997940223439679736
1997952034532933694
1997976973113499935
1997995114229277037
1997995660046741763
1997999840467546269
1998001547616084112
1998004398031585697
1998039384642421017
1998062062841311343
1998063827456249945
1998106924433433063
1998108530742808832
1998114594351706125
1998263008888332333
1998299139071713536
1998299613942481163
1998301989449720120
1998303679812677673
1998314883197403471
1998320058167132666
1998321875022434510
1998325153030140214
1998345167523184966
1998361071644803254
1998419465877283302
1998426021117227195
1998442620654121392
1998442899181052345
1998469402627650043
1998473672680722546
1998484339340771679
1998506673074483678
1998542867246231613
1998639148836765784
1998639649644781822
1998650532878049552
1998654928248570073
1998656604552704427
1998666005552251342
1998672770599956685
1998687249580568910
1998705980042100862
1998712739913765244
1998734724169138439
1998780785130643889
1998832239346405611
1998843836592791589
1998848942084092208
1998889439905415675
1998968360529539442
1998969845384364451
1998974152259387869
1998979884522299648
1999003599645421583
1999004372735254617
1999016984172724711
1999031250137268618
1999034710794863099
1999037365914910971
1999041715676794985
1999053179393040553
1999060072970719400
1999072736308523053
1999073942427119784
1999104025497608479
1999109753008796046
1999111941504348437
1999141695833649208
1999143513141764543
1999170787983642891
1999177569950925183
1999192277567046014
1999303633058562130
1999364474696815074
1999367606432583887
1999370937310020025
1999378026220384732
1999390390500180282
1999415624792179016
1999419285978914855
1999419709159276654
1999431416698814785
1999437359264465051
1999448331773239672
1999460864727089200
1999482318088786303
1999502021255151673
1999508475685298537
1999543059801948360
1999544108734443569
1999569310176674032
1999570473198276727
1999574718974722271
1999584046578364588
1999608973868109835
1999704092567044191
1999710479497986454
1999713999055913237
1999734289529708848
1999739003206001059
1999749422557647283
1999775363744854521
1999780267087761731
1999802601429406089
1999805973171781719
1999826415898739013
1999831841226781074
1999836723212087776
1999836724843917766
1999858165635035428
1999887530003693891
1999888563983270130
1999900626948407723
1999906175132016765
1999915729718849835
1999949119989985328
2000064726605431224
2000077913576948103
2000078911934226779
2000079953426292952
2000080753204363418
2000131031073161416
2000141381151473718
2000146817216831678
2000151863099068869
2000172807918063667
2000206250446086554
2000234059255963880
2000236153010864609
2000246765828952574
2000250260778586399
2000253194958705044
2000273860738850857
2000283639846973938
2000298159818608716
2000324038699438125
2000334901888086295
2000419588253892973
2000446577589067983
2000458339147460942
2000460088973103598
2000466599136915703
2000474722132463778
2000487718485389815
2000489742664708107
2000494454042665005
2000523629046403113
2000563233908732347
2000604727655194796
2000608610192335065
2000613752224227771
2000644624306594073
2000645160523235417
2000659816650359213
2000669090730717188
2000677900505505989
2000705319035425175
2000792056696893690
2000810689028321365
2000811836003033156
2000819654013673560
2000832182210748667
2000841941647265926
2000844490500902967
2000852204454838594
2000877220752244814
2000899110107246945
2000904114876920076
2000928438652145770
2000937288692375563
2000955932650692661
2000960171317547329
2000978818593689827
2001031532040085826
2001164861863288868
2001189112057881068
2001213933408182326
2001219785275682880
2001228500305383693
2001271027733504087
2001286804897448253
2001288683782353113
2001299454151061778
2001300030591037757
2001310759821734150
2001324150158422158
2001334792558690708
2001350315879112834
2001381213970559288
2001382460127613093
2001408985274933707
2001422329063313661
2001467978613944546
2001521611305099430
2001557465813651926
2001563110281482724
2001594688109715568
2001634024813445476
2001664732005044701
2001679559402410010
2001700193654452512
2001704228419739970
2001715461231374455
2001747155007033556
2001781708451123365
2001862109941096805
2001876605241794781
2001877259372974514
2001904732907217303
2001913120894464320
2001988027791687866
2002033374815264985
2002065592388628788
2002078002973417900
2002216685491966419
2002257267530608911
2002303050413977979
2002303404727734322
2002337335699255306
2002360720977969386
2002402718418379240
2002405592258802100
2002431951035355299
2002486993066897530
2002502884924293155
2002613787170648235
2002623719840137520
2002636050016186799
2002642802992427104
2002659322686472466
2002698289138016699
2002718409432387757
2002722723303502247
2002787107933229148
2002796981903839384
2002833385496986012
2002957952479789069
2002975277429960809
2003009117343089104
2003016441344274458
2003025710479458789
2003027704912707720
2003071767842042253
2003072481259893064
2003139542648508758
2003174951927579084
2003191135787975121
2003194544410517876
2003228684430299206
2003336734931866107
2003354708354691518
2003363403407265871
2003385895995470056
2003391770533740566
2003405150359289913
2003436144340664792
2003451557124231518
2003512515494302051
2003539911757164644
2003547942280376742
2003560182463488449
2003650449484972495
2003711701016015347
2003721839223222679
2003769033091621352
2003803501726683600
2003840153702355149
2003877038449725524
2003890625566195843
2004010158666772874
2004067480114024613
2004106848559911065
2004123354211799074
2004194930705502379
2004202125770039427
2004222402889437191
2004255963524878432
2004392055267876905
2004397429173657743
2004424819849547940
2004503083641147605
2004503724039782721
2004550255891681696
2004552437986664586
2004573338480599277
2004593836689891439
2004621827130400922
2004630840299733245
2004728784663326963
2004732190593347756
2004804080971944085
2004819727882023257
2004888338663440703
2004890274078884262
2004920351697109286
2004974601638711406
2004977650339656023
2005195922976690446
2005195976466968751
2005221290832273487
2005225704989081863
2005256456720072794
2005256883259716052
2005313093891772562
2005392506754850961
2005519416252084249
2005532879405658540
2005534676690375159
2005548838250324059
2005598630464356751
2005659933044576524
2005899723136237761
2005972315465765226
2005984353168547871
2005987306734329911
2006043916206821489
2006077637576237282
2006261672592224726
2006284361923203388
2006297578095231380
2006365133241806858
2006398056787251468
2006608081824665847
2006627798266622240
2006656114243375534
2006708691224113517
2006981963534442751
2006988537581760515
2007064934836826247
2007068158361026804
2007160320767213719
2007352167988887577
2007421945038393631
2007441191961276897
2007499257872298139
2007512652835369072
2007541802178580564
2007674868167520765
2007714834054345056
2007794970674208879
2007805918952526115
2007898156579881405
2007993247600374196
2008046285438271667
2008077604801089683
2008116693411729436
2008205485644865543
2008410240186745008
2008420660805357693
2008420894322852014
2008539885515223547
2008578178378526818
2008717927835656579
2008724401278382464
2008784689121689928
2008824823623921946
2008833001304768993
2008847532886278572
2008957970483490831
2009022043728302315
2009138786244890699
2009143248837583316
2009185094939103329
2009192271024095533
2009202488726180101
2009232905709797622
2009318458635260225
2009487469587366085
2009488321937019078
2009489004820119851
2009542435609977287
2009549519793308022
2009551917446537351
2009579860054999145
2009676085437571103
2009696664471146882
2009857254229520635
2009883659847753906
2010018156647993712
2010244579564376506
2010258691589845177
2010373924828442796
2010494328880218613
2010542813952589920
2010596971812192639
2010606475593294099
2010609901698195485
2010649314398486559
2010747291649327245
2010820517390074147
2010829545192989179
2010956408892584000
2011018729703031191
2011122445059510487
2011268694366962176
2011322620176662756
2011457739822686219
2011620124990849055
2011695591915446600
2012044370472570953
2013533855353827442
2013781516816654730
2013861778791243988
2013932752492777674
2013997551821762617
2014177567184670869
2014307655100334450
2014408966911230212
2014672164067439020
2014783453938778539
2015106910026887386
2015119385023684807
2015205252069527676
2015645072071721229
2015738974187274349
2015766779591610406
2015946588808741049
2016115875028599209
2016124997882782132
2016131972880589160
2016268270798799246
2016415056377086407
2016731391845945657
2016761461893451977
2016767589356044390
2016825397548372136
2016860917506724215
2016908617065107889
2017348068396630063
2017433903095812343
2017479608652763597
2017518001709281788
2017560062386913532
2017561047671181723
2017667181321068996
2017680029451489461
2017681243916132432
2017766709529350276
2017851127702950036
2017861818098622497
2017863069079044352
2017981879488516425
2017992518655430735
2018038499031826683
2018144294666965161
2018250110082404618
2018261871963627907
2018403384303513987
2018434551815512515
2018435235738722515
2018575166813438207
2018726186059288915
2018748184462504088
2018954507481178482
2019119017190158394
2019134853128610280
2019138358560120967
2019139994838003814
2019318557876658657
2019586503018414541
2019605890266181772
2019782228662698265
2019785664406151268
2019793482110431611
2019857329487790315
2020067802187485656
2020297547680723363
2020424571577376822
2020489524606898459
2020567844660904007
2020577379882610761
2020591506558775546
2020600406687310254
2020673856462348406
2020706297038115064
2020731001887174711
2020749220169343115
2020865452394602775
2020890853603196930
2020904978077057413
2020911304186483133
2020978304887722246
2021111895009202568
2021113464966599111
2021183454503645432
2021186339472015605
2021188461567332747
2021271614391042200
2021297002081026421
2021305913936629814
2021334586341589297
2021403333341348034
2021422073613021402
2021438989555859530
2021453133516509366
2021477233932591230
2021477451172544821
2021480383804756302
2021485165063606588
2021508079184158751
2021594738919661861
2021617093490413648
2021699907795681295
2021746611517526226
2021776101865873662
2021843895009562913
2021863859674653100
2021908385772581103
2021956676832965090
2021966646307348865
2022250156318691355
2022325257013711154
2022419616010768812
2022556960575623349
2022560022837031283
2022634261283586412
2022702289182449905
2022710870971748852
2022740648923959579
2022747028401590767
2022868155610337429
2023124998878302500
2023273608764924182
2023301626061337069
2023340143432847699
2023632712431526091
2023665759101350165
2023688423240765708
2023692987088220174
2023721665516236982
2023736144366891312
2023773760999092543
2023775206624625003
2023776480451526710
2023857861399544268
2024044278671175707
2024058208252277229
2024075266713129163
2024081885207437717
2024125829870174564
2024130146706551068
2024155958952316939
2024167077263634664
2024186373364994123
2024197996284694542
2024201640774082699
2024341740879032766
2024383406164029468
2024389713118056545
2024450348450988488
2024504663362720150
2024532744244777232
2024541443126087721
2024554344654451139
2024558556411023458
2024726710214627459
2024728265366090010
2024807789516771352
2024828864795492712
2024864078204932278
2024876783523524632
2024918840250171749
2024927184620765389
2024981577483387306
2025053455249752446
2025116809842532643
2025148541732073524
2025150434957013220
2025203268704510054
2025214324630061235
2025223522281226314
2025241920184971491
2025256892554002693
2025258063708430796
2025312631582540072
2025356079299964944
2025358195762626747
2025489079689675185
2025517975747584308
2025529732192784839
2025551783167205422
2025609934927429920
2025628941273423974
2025642946817937913
2025675024992989295
2025686842117664829
2025856137233674526
2025885993941848092
2025928348396871731
2025944668337246492
2025998198897045996
2026050456770814403
2026052345381982357
2026120339475124604
2026255568311054783
2026263374926086538
2026272370097262808
2026305454935097546
2026315404239610245
2026324458277925027
2026326240970293642
2026339424611569845
2026345441076682856
2026413186153673149
2026567068296835343
2026681268403056756
2026686971955802561
2026692302178340969
2026713663605035255
2026716019037704345
2026763574996250957
2026769419058217446
2026902740132049132
2026946926516564399
2026966765075616171
2026972759545237608
2026986422834483670
2027376801886986687
2027393839225274577
2027411924028457183
2027412467178148178
2027499394568990833
2027666243415642156
2027688543850528860
2027768997467291882
